
         100          100          100          100          100          100          100          100          100          100 
          75      9.01612      4.45379       4.3089      4.30616      4.30615      4.30797      4.40377      7.40286           50 
          75      5.01776     0.239726    0.0890475     0.086213    0.0862013    0.0880906     0.188524      3.37286           50 
          75      4.93681     0.154677   0.00390201   0.00106613   0.00105443   0.00294485     0.103461      3.29154           50 
          75      4.93584     0.153656   0.00287961  4.37188e-05  3.20174e-05   0.00192244      0.10244      3.29056           50 
          75      4.93583     0.153648   0.00287154  3.56484e-05  2.39469e-05   0.00191437     0.102432      3.29055           50 
          75      4.93582     0.153647   0.00287149  3.56046e-05  2.39032e-05   0.00191433     0.102431      3.29055           50 
          75      4.93469     0.153605   0.00287077  3.55973e-05  2.38983e-05   0.00191385     0.102403      3.28979           50 
          75      4.83978     0.150057   0.00280496  3.48467e-05  2.33948e-05   0.00186998     0.100038      3.22652           50 
           0            0            0            0            0            0            0            0            0            0 


         100          100          100          100          100          100          100          100          100          100 
          75      16.6349      8.79161      8.27137      8.24936      8.24914      8.26361      8.60399      13.6746           50 
          75      9.54914     0.933867      0.36771     0.343912     0.343675      0.35952      0.73659      6.47173           50 
          75      9.24983     0.601777    0.0337682   0.00990318   0.00966493    0.0255657     0.404227      6.16936           50 
          75      9.24176     0.592838    0.0247831   0.00091653  0.000678272    0.0165804     0.395283      6.16122           50 
          75       9.2416     0.592667    0.0246113  0.000744688   0.00050643    0.0164085     0.395112      6.16107           50 
          75      9.24142     0.592649    0.0246082   0.00074219  0.000503938    0.0164056     0.395099      6.16095           50 
          75      9.23223     0.591831    0.0245713  0.000741061  0.000503164     0.016381     0.394554      6.15482           50 
          75       8.8811      0.56286    0.0232815  0.000701759  0.000476486    0.0155212      0.37524      5.92073           50 
           0            0            0            0            0            0            0            0            0            0 


         100          100          100          100          100          100          100          100          100          100 
          75      23.1182      12.9532      11.9356      11.8691       11.868      11.9114      12.5699       19.025           50 
          75      13.6459      1.97509     0.820505     0.745599     0.744412     0.794192      1.56214      9.31667           50 
          75      13.0426      1.27307     0.109774    0.0343559    0.0331645    0.0833664     0.858814      8.70398           50 
          75      13.0174      1.24381    0.0801562   0.00471833   0.00352683    0.0537459     0.829507      8.67853           50 
          75      13.0166      1.24292    0.0792588   0.00382063   0.00262912    0.0528485     0.828618      8.67774           50 
          75      13.0158      1.24277     0.079229   0.00379919   0.00260782    0.0528217     0.828516      8.67717           50 
          75      12.9876      1.23885     0.078944   0.00378457   0.00259766    0.0526315       0.8259       8.6584           50 
          75      12.2794      1.14978    0.0727231   0.00347615   0.00238593    0.0484841      0.76652      8.18628           50 
           0            0            0            0            0            0            0            0            0            0 


         100          100          100          100          100          100          100          100          100          100 
          75      28.6724      16.9042      15.3385      15.2006      15.1975      15.2865      16.2885      23.6202           50 
          75      17.3561      3.27605      1.42978      1.26861      1.26512      1.37194      2.59771       11.929           50 
          75      16.3989      2.11484     0.244306    0.0811867    0.0776685     0.186097      1.43279      10.9521           50 
          75       16.345      2.04945     0.177568    0.0143433    0.0108241     0.119344      1.36724      10.8975           50 
          75      16.3427      2.04673     0.174804    0.0115765   0.00805728     0.116579      1.36452      10.8952           50 
          75      16.3403      2.04617     0.174667    0.0114837    0.0079655     0.116458      1.36412      10.8935           50 
          75      16.2811      2.03503     0.173556    0.0114036   0.00790916     0.115717      1.35669      10.8541           50 
          75      15.1567       1.8471       0.1558     0.010184   0.00706269     0.103878       1.2314      10.1045           50 
           0            0            0            0            0            0            0            0            0            0 


         100          100          100          100          100          100          100          100          100          100 
          75      33.4615      20.6282       18.509      18.2753      18.2685       18.418      19.7584      27.5918           50 
          75      20.7234       4.7663      2.17694       1.8941      1.88631      2.07314      3.78836        14.33           50 
          75      19.3872      3.08468     0.444057     0.155995     0.148131     0.339255      2.09874      12.9597           50 
          75      19.2929      2.96567     0.321424    0.0329995     0.025131     0.216566       1.9793      12.8637           50 
          75      19.2877      2.95938     0.314988    0.0265512    0.0186827      0.21013      1.97301      12.8585           50 
          75      19.2824      2.95784     0.314557    0.0262703    0.0184062     0.209754       1.9719      12.8549           50 
          75      19.1804      2.93382     0.311527    0.0259882    0.0182056     0.207731      1.95588      12.7869           50 
          75      17.6092      2.60925     0.273086    0.0226147    0.0158397     0.182097       1.7395      11.7395           50 
           0            0            0            0            0            0            0            0            0            0 


         100          100          100          100          100          100          100          100          100          100 
          75      37.6166      24.1204      21.4707      21.1207      21.1083      21.3299      22.9858      31.0455           50 
          75      23.7872      6.38949      3.04337      2.60618       2.5916      2.87919      5.08976      16.5397           50 
          75      22.0634      4.14905     0.711612     0.263221     0.248427     0.545232      2.83478      14.7641           50 
          75      21.9174      3.95848     0.513224    0.0638887    0.0490805     0.346698      2.64328       14.615           50 
          75      21.9077      3.94626     0.500627    0.0512528    0.0364446     0.334101      2.63106      14.6053           50 
          75       21.898      3.94286     0.499558    0.0505707    0.0357768     0.333178      2.62859      14.5987           50 
          75      21.7425      3.89919     0.492917    0.0498127    0.0352318      0.32874      2.59947       14.495           50 
          75      19.7132      3.40382      0.42274    0.0423206    0.0299245     0.281935      2.26922      13.1421           50 
           0            0            0            0            0            0            0            0            0            0 


         100          100          100          100          100          100          100          100          100          100 
          75      41.2428      27.3841       24.243      23.7612       23.741      24.0427      25.9814      34.0663           50 
          75      26.5819      8.10086      4.01111      3.39137      3.36708      3.77282      6.46639      18.5767           50 
          75      24.4738       5.2814      1.04664     0.406202     0.381448     0.804186      3.62336      16.3959           50 
          75      24.2659      5.00181     0.752489     0.110002    0.0852116     0.509717      3.34202       16.183           50 
          75      24.2496      4.98074     0.730587    0.0879997    0.0632095     0.487816      3.32095      16.1667           50 
          75      24.2336      4.97425     0.728332    0.0865745     0.061821     0.485881      3.31621      16.1558           50 
          75      24.0155      4.90347     0.715776    0.0848766    0.0605871     0.477484        3.269      16.0104           50 
          75      21.5295      4.20805     0.601605    0.0705298    0.0503262     0.401316      2.80538       14.353           50 
           0            0            0            0            0            0            0            0            0            0 


         100          100          100          100          100          100          100          100          100          100 
          75      44.4253      30.4271      26.8423      26.2179      26.1876      26.5741      28.7584      36.7229           50 
          75      29.1382      9.86519      5.06326      4.23811      4.20094      4.73823      7.89003      20.4582           50 
          75      26.6562      6.46071      1.44679      0.58726     0.549204      1.11471      4.45038      17.8802           50 
          75      26.3775      6.07574      1.03744     0.173997      0.13586     0.704735      4.06245      17.5939           50 
          75      26.3524      6.04241      1.00249     0.138829     0.100693     0.669789      4.02911      17.5689           50 
          75      26.3282      6.03125     0.998258      0.13616    0.0981031     0.666176      4.02093      17.5522           50 
          75        26.04      5.92562     0.976907     0.132822     0.095653     0.651883      3.95046        17.36           50 
          75      23.1071      5.00616     0.805921     0.108127    0.0778278     0.537771      3.33747      15.4048           50 
           0            0            0            0            0            0            0            0            0            0 


         100          100          100          100          100          100          100          100          100          100 
          75      47.2333      33.2604       29.283      28.5098      28.4671        28.94      31.3313      39.0715           50 
          75      31.4828      11.6549      6.18424      5.13638      5.08303      5.76122      9.33842      22.1995           50 
          75      28.6425      7.67037      1.90839     0.807814     0.752928      1.47432      5.30454      19.2377           50 
          75      28.2852      7.16514      1.36547     0.258135     0.203092     0.930308      4.79466      18.8699           50 
          75      28.2488      7.11574      1.31323     0.205455     0.150413     0.878066      4.74526      18.8335           50 
          75      28.2145      7.09803      1.30595     0.200852     0.145966     0.871881       4.7322      18.8097           50 
          75      27.8501      6.94983      1.27242     0.194904     0.141557      0.84941      4.63332      18.5667           50 
          75      24.4854      5.78742      1.03177     0.155671     0.112987     0.688734      3.85835      16.3236           50 
           0            0            0            0            0            0            0            0            0            0 


         100          100          100          100          100          100          100          100          100          100 
          75      49.7235      35.8964      31.5777       30.653      30.5957       31.154       33.715      41.1581           50 
          75      33.6391      13.4488      7.35995      6.07746      6.00462      6.82916      10.7942      23.8142           50 
          75      30.4589      8.89723      2.42693      1.06849     0.993181      1.87986       6.1767      20.4857           50 
          75      30.0167       8.2586      1.73351     0.364253     0.288668      1.18467      5.53122      20.0294           50 
          75      29.9665      8.18901       1.6593     0.289253     0.213668      1.11045      5.46164      19.9792           50 
          75        29.92      8.16258      1.64763     0.281818     0.206511      1.10057      5.44205      19.9468           50 
          75      29.4746      7.96438      1.59814     0.271998     0.199163      1.06735      5.30977      19.6498           50 
          75      25.6961      6.54481      1.27535     0.213433     0.156153     0.851717      4.36334      17.1308           50 
           0            0            0            0            0            0            0            0            0            0 

